0 148 235 243 311 519 681 741 885 933 966 990 
1 8 16 94 248 407 431 445 521 577 611 671 721 803 828 878 879 920 976 997 
2 263 278 499 502 510 544 713 877 891 1031 1045 1047 1062 
3 26 149 177 327 1048 1050 1059 
4 158 980 986 992 1031 1044 
5 141 400 463 468 513 1028 1033 1062 
6 700 925 940 1003 1052 
7 186 359 430 436 546 557 588 679 837 954 1043 1044 
8 38 61 281 592 603 644 730 888 914 927 941 955 962 976 977 981 1004 1018 1023 1057 1058 1061 
9 96 155 205 289 375 394 470 535 565 639 715 769 921 989 997 1007 1051 1061 
10 91 112 116 142 157 166 182 215 222 223 236 299 353 363 378 411 429 453 497 506 522 617 674 755 815 900 950 988 991 998 999 1002 1007 1043 1060 1061 1064 
11 45 107 164 487 569 675 889 929 982 983 993 1003 1030 1046 1055 1057 
12 114 469 477 560 613 664 729 890 894 952 979 982 1013 1023 1039 
13 102 159 199 294 300 324 380 688 880 891 937 938 939 953 961 964 975 1008 1019 1025 1038 
14 317 351 387 984 994 1052 
15 28 54 229 230 357 401 660 666 845 902 915 958 1000 1050 1052 
16 161 209 226 268 270 295 310 348 509 654 708 738 835 836 931 939 942 951 952 994 1020 1022 1035 1038 1040 1051 1065 
17 106 251 291 338 349 396 528 529 655 659 691 711 719 737 752 924 954 956 1017 1034 1043 1064 
18 1 19 56 87 95 144 246 309 316 410 424 461 465 475 582 640 669 735 764 785 788 808 824 825 992 996 1010 1026 1055 1064 
19 69 165 459 504 876 895 903 979 989 1021 1025 1065 
20 51 60 596 695 987 1048 1059 
21 809 1039 
22 47 49 274 286 297 419 512 693 898 903 924 956 961 1008 1054 
23 81 139 385 452 554 595 705 749 751 760 762 765 766 875 908 1016 1024 1027 1037 1049 
24 240 261 328 405 433 479 485 490 573 581 612 637 645 673 676 682 683 995 1036 1039 1041 1064 
25 34 40 343 507 517 928 959 1030 1051 1058 
26 41 73 202 244 377 635 885 905 927 955 966 1019 1023 1056 1062 1064 
27 48 52 71 72 77 90 110 128 190 210 238 259 296 332 413 432 449 515 570 584 624 633 704 720 747 748 779 791 807 874 898 904 923 926 947 1021 1022 
28 37 196 208 288 601 1045 1047 
29 97 104 206 225 279 552 958 1000 1013 1035 1040 1045 1047 1052 1065 
30 63 152 162 262 658 893 1001 1005 
31 7 163 486 534 734 822 918 990 1038 
32 24 32 44 58 345 346 437 496 567 946 972 1027 1031 1033 1044 1047 1056 1061 1062 1065 
33 834 842 1054 
34 493 553 911 
35 50 136 217 256 271 372 426 435 448 478 531 555 561 576 587 599 610 614 680 690 758 806 826 904 922 957 970 989 996 998 1013 1021 1054 
36 29 127 134 151 763 846 977 981 1020 1027 1034 
37 176 322 347 585 911 999 1025 1050 
38 4 10 39 70 398 428 451 471 656 667 781 926 933 1021 1035 1036 1065 
39 82 207 360 503 739 771 888 928 937 946 972 981 1004 1017 1022 1042 1057 1058 1060 
40 18 118 242 350 362 813 978 999 1027 
41 65 108 233 269 301 305 335 443 454 458 600 723 896 905 914 985 1026 1042 1056 1058 
42 321 580 638 710 753 782 812 873 945 1035 1039 
43 12 84 140 171 197 406 701 767 841 872 883 919 944 969 988 1002 1029 1043 1064 
44 105 665 670 840 1028 
45 129 756 1044 
46 22 153 290 306 409 444 609 687 707 712 786 844 931 964 987 996 998 1010 1028 1036 1058 
47 42 213 258 368 392 498 684 1011 1026 
48 132 201 907 918 1014 1024 
49 93 169 228 282 308 438 446 474 494 532 880 890 949 1014 1048 
50 138 575 980 1065 
51 2 593 608 632 692 871 881 910 979 1004 1018 1023 1030 1033 1041 1056 1062 1065 
52 46 85 185 194 218 231 382 425 439 467 505 545 556 586 622 657 703 832 869 870 919 976 1000 1040 1044 
53 978 988 1017 1034 1043 
54 55 68 79 315 702 884 907 1055 1064 
55 14 33 109 143 605 917 967 1052 
56 15 333 395 441 492 500 634 985 1026 1064 
57 5 9 59 146 220 594 831 882 945 1058 
58 241 526 598 616 770 1001 1005 
59 13 23 53 62 92 131 172 174 184 198 216 275 277 302 312 344 365 366 367 399 404 412 420 421 447 457 472 483 501 548 578 597 619 621 651 668 672 709 717 722 724 736 744 746 761 783 787 789 790 799 802 810 814 863 864 865 866 867 868 897 902 921 932 943 944 947 951 953 960 969 973 975 984 1007 1008 1009 1019 1025 1029 1036 1040 1060 1061 
60 3 629 798 
61 126 150 156 232 304 341 455 516 861 862 970 983 997 1009 1011 1050 
62 130 147 257 265 520 574 606 727 742 754 784 859 860 920 922 923 1028 1050 1061 
63 67 180 320 393 450 858 887 936 949 977 1014 1048 1056 1059 
64 35 100 191 314 370 376 415 882 892 906 968 1029 1054 
65 6 36 212 883 884 899 
66 135 137 792 793 1048 1059 
67 133 193 253 440 476 547 583 641 663 823 925 929 940 1020 1046 1057 
68 88 120 160 170 266 334 466 839 986 1045 1065 
69 78 167 183 188 273 313 342 373 383 481 524 530 607 615 626 694 733 804 851 909 934 942 943 965 971 1006 1022 1046 1051 1057 
70 518 604 731 797 857 906 912 932 971 978 1009 1060 
71 566 579 856 
72 20 74 115 200 303 331 480 968 1029 1054 
73 64 245 323 514 543 726 750 855 1031 1041 
74 239 384 416 745 768 827 838 847 848 849 850 900 1065 
75 11 17 30 111 175 204 214 280 325 336 403 417 460 462 473 489 495 508 541 551 589 620 647 843 897 910 917 934 936 948 963 967 980 986 1003 1018 1020 1030 1038 1042 1046 1051 1055 1057 
76 25 98 113 178 284 571 623 
77 539 1019 1045 1047 
78 43 66 76 187 195 221 250 287 352 374 511 662 908 916 935 963 1032 1037 1042 1049 1060 1063 
79 31 298 307 355 379 525 568 646 805 854 889 895 983 993 1034 1065 
80 21 75 83 125 181 203 219 224 234 252 254 255 285 318 326 329 339 354 358 361 386 388 390 391 397 414 418 422 537 540 542 558 572 628 630 661 677 698 699 718 732 740 759 801 811 818 819 820 821 833 852 853 894 901 930 938 948 950 957 965 973 984 992 994 995 1002 1010 1041 1055 1060 1061 1065 
81 89 533 538 896 930 1001 1005 1006 1033 1062 
82 80 482 625 830 892 912 
83 99 154 488 491 913 959 990 1024 
84 122 179 292 423 
85 57 227 249 381 402 442 484 549 728 800 899 1011 
86 86 119 168 211 456 464 562 563 631 796 829 916 941 991 1015 1032 1037 1063 
87 189 527 559 686 716 794 795 974 987 1046 1053 1059 
88 117 247 340 689 696 697 1012 1053 
89 27 103 319 356 434 590 886 982 993 1032 1053 1055 1059 
90 267 564 618 627 643 649 650 652 653 974 1053 
91 0 293 389 408 591 636 642 915 1012 1015 1053 
92 260 364 536 550 602 685 714 743 772 773 774 775 776 777 778 985 1042 1049 
93 101 145 192 237 264 337 369 427 886 887 995 1006 1012 1015 1018 1037 1049 1056 1062 
94 124 523 648 816 817 1049 
95 173 272 330 780 881 901 991 1016 1041 1063 
96 1063 
97 123 283 725 757 1016 1063 
98 276 678 706 893 913 935 962 1024 1032 1063 
99 121 371 909 960 1063 
