Question 2.i:
2	5673
1	1009
5	989
16	865
3	748

Question 2.ii:
19#2457,4742,4846,5255,7950,9960,10889,13920,14863,16027,16820,18358
22#97,812,1151,4766,5243,5250,6640,8384,8943,9341,10078,10222,10666,10817,11006,12560,13805,16027,16399,16845,18217
41#75,136,146,1427,2432,2452,2583,5173,5224,8413,10843,13123,16027
52#227,673,736,1131,1427,2452,2781,5250,6408,8170,17531,19113
155#56,75,84,97,136,157,225,227,326,359,386,454,463,478,494,525,536,550,723,736,780,836,869,891,906,935,960,1266,2432,2452,2455,2580,2699,2902,2954,2980,3132,3209,3465,3608,3610,5005,5115,5123,5243,5250,6396,6529,6557,6576,6640,7705,7874,7950,7981,8022,8069,8085,8106,8384,8413,8472,8570,8809,9084,9140,9146,9194,9543,9599,9617,9675,9772,9960,10025,10542,10620,10787,10834,10889,11097,12560,14045,14713,14863,14890,14994,15071,15512,16027,16083,16737,18358,18730,18804,19113,19204
253#544,562,629,1156,2461,10046,10133,10189,12516,12978,13220,14122,17633
265#75,723,1010,1369,3375,9812,11097,13090,13843,14736,17778
313#97,433,554,587,743,782,891,935,961,1083,1103,1385,2452,2673,6422,6637,8384,9309,15197,17212,17746,19113
326#736,883,1097,3317,4742,5242,8080,8228,8413,8954,9121,9378,10046,10834,13123,13479,13694,14265,16027,17386,18251,18798,19113,19174,20337
422#84,846,935,1034,1266,6576,8384,10922,12560,14890,16898
430#97,454,511,723,782,868,913,935,973,1103,2452,5250
441#113,723,1151,2452,3163,3470,4916,6557,8175,8298,8380,8852,15004
678#289,812,836,1006,3105,3470,6408,10464,12460,12560,13367,13562,15023,15149,15478,18893
694#554,673,723,1037,1369,1401,2452,2595,2629,2932,2969,3475,3564,4906,5246,6529,6562,8149,8413,8415,8563,8681,8880,8908,9234,9519,9675,9805,10253,10273,10593,10614,10629,11097,12352,12641,13123,13213,13220,13360,13368,13901,14109,14197,14617,14753,14915,14990,15090,15106,15122,15216,15285,15325,15601,16027,16510,16914,17269,17531,20409
758#97,173,964,988,1136,1152,2452,2528,2544,2597,2616,4714,5243,5250,5255,6472,8681,9883,10066,11106,12960,13904,15361,17531,17768
842#562,3105,3327,5243,8081,8471,10003,10369,12302,17063,17750,19022,19113
904#75,6467,7922,8384,8413,10118,10806,10810,11149,12957,15483,19113
1253#2452,2723,3132,3615,7751,7838,8286,10620,11097,12558,15478,15738
2368#3084,3470,3592,5177,5246,5250,5374,6567,10523,10816,13248,16083,17177,19056
2651#133,2452,2673,3044,3317,3377,3480,5055,7838,8413,8612,8953,9140,10203,10250,10383,10446,10662,10978,13208,14111,16611,16680,16914,18667,20331
4914#173,511,723,816,1156,2452,2576,3105,3377,3592,4799,5323,7872,7878,7922,7950,7964,8286,8384,9816,11097,12560,13123,17606,18053
5357#2723,3377,5103,6408,7705,8681,10834,12430,13100,15166,15199,18053
6576#3377,10189,10879,10892,11060,12158,12170,12210,12516,13123,13652,14458
9000#78,150,266,605,673,2593,3085,8471,10620,11097,13123,14057,14300,14301,14336,14362,14470,15928
9818#1059,2525,2544,6385,6529,8222,10517,11097,13213,14602,15502,15520,15525,15540